SRup
renofact_Z_strong 0.8315,0.82223,0.81449,0.8117,0.8117,0.82572,0.81487,0.80252,0.79221,0.78157,0.741,0.72741,0.71269,0.83669,0.82846,0.81525,0.70964,0.70571,0.69428,0.67725,0.65582
renofact_W_strong 0.82336,0.82132,0.81165,0.78726,0.74815,0.81797,0.80477,0.79701,0.79444,0.7933,0.73609,0.72543,0.71546,0.81103,0.80066,0.78878,0.70353,0.69907,0.69156,0.68157,0.67038
pdf_Z_strong 1.0039,1.0031,1.006,1.0092,1.0965,1.0048,1.0027,1.0047,1.0072,1.0375,1.0018,1.001,1.002,1.0032,1.0039,1.0084,1.0034,1.0062,1.003,1.0058,1.0057
pdf_W_strong 1.0054,1.0035,1.0094,1.0119,1.0407,1.0058,1.0032,1.0055,1.01,1.0392,1.0015,1.0009,1.0016,1.0034,1.0027,1.0052,1.0032,1.0012,1.0012,1.0012,1.0042
SRdown
renofact_Z_strong 1.2196,1.2371,1.2491,1.2527,1.2527,1.2223,1.2458,1.2697,1.2913,1.3168,1.4149,1.4451,1.4785,1.2102,1.2277,1.2542,1.4782,1.4894,1.5103,1.546,1.5986
renofact_W_strong 1.2302,1.2346,1.253,1.2959,1.3632,1.2506,1.264,1.2753,1.2941,1.3245,1.4266,1.4425,1.4649,1.2571,1.2751,1.2994,1.4838,1.501,1.5199,1.5494,1.5864
pdf_Z_strong 0.99613,0.99687,0.994,0.99075,0.90349,0.99519,0.99731,0.99532,0.99278,0.96247,0.9982,0.99899,0.99801,0.99684,0.99607,0.99162,0.99662,0.99381,0.99698,0.99421,0.99432
pdf_W_strong 0.99463,0.99654,0.99061,0.98812,0.95929,0.99423,0.99681,0.99455,0.99004,0.96076,0.99851,0.99911,0.99844,0.99663,0.99734,0.99478,0.99685,0.99883,0.99876,0.99876,0.99577
CRZup
renofact_Z_strong 0.81841,0.8183,0.81467,0.80258,0.78209,0.82299,0.8144,0.79621,0.77313,0.74555,0.72644,0.72598,0.71624,0.81334,0.81334,0.80722,0.68527,0.68527,0.68504,0.6841,0.68246
pdf_Z_strong 1.0055,1.0075,1.0126,1.0176,1.0535,1.0069,1.0064,1.0125,1.0137,1.0278,1.0029,1.0025,1.0073,1.005,1.0073,1.0111,1.0492,1.0118,1.0146,1.03,1.0418
CRZdown
renofact_Z_strong 1.2468,1.253,1.2673,1.2817,1.2966,1.2328,1.2516,1.2832,1.3258,1.3805,1.4558,1.4568,1.4788,1.2542,1.2542,1.2624,1.533,1.533,1.533,1.533,1.533
pdf_Z_strong 0.99446,0.99247,0.98745,0.98239,0.94655,0.99305,0.99357,0.98751,0.98626,0.97221,0.99706,0.99751,0.99272,0.99497,0.99268,0.98893,0.95081,0.98817,0.98535,0.96999,0.95816
CRWup
renofact_W_strong 0.81851,0.81186,0.80165,0.79179,0.78111,0.81208,0.81229,0.80351,0.78141,0.7467,0.72771,0.71889,0.70954,0.81643,0.80381,0.78875,0.71273,0.70724,0.69815,0.68378,0.66346
pdf_W_strong 1.0022,1.0017,1.0032,1.0057,1.0184,1.0029,1.0016,1.0026,1.0044,1.0148,1.0008,1.0006,1.0009,1.002,1.0016,1.0033,1.004,1.0016,1.0016,1.0017,1.0068
CRWdown
renofact_W_strong 1.2447,1.2545,1.2747,1.2963,1.3205,1.2569,1.2557,1.2675,1.3081,1.3769,1.4436,1.46,1.4807,1.2531,1.2697,1.3028,1.476,1.4864,1.5065,1.5402,1.5893
pdf_W_strong 0.99777,0.99827,0.99675,0.99427,0.9816,0.99713,0.9984,0.99743,0.99564,0.9852,0.99917,0.99945,0.99911,0.99802,0.99835,0.99665,0.99599,0.9984,0.99838,0.9983,0.99324
