SRup
renofact_Z_strong 0.81857,0.81346,0.79846,0.79634,0.78833,0.8131,0.79897,0.79767,0.79156,0.79367,0.75072
renofact_W_strong 0.81302,0.79846,0.79635,0.78886,0.73505,0.80724,0.79703,0.79098,0.78596,0.79881,0.75523
SRdown
renofact_Z_strong 1.2817,1.3039,1.3409,1.3534,1.3747,1.298,1.3268,1.3392,1.3573,1.3555,1.408
renofact_W_strong 1.2987,1.3313,1.342,1.3672,1.5028,1.3085,1.3308,1.3471,1.3649,1.345,1.4023
CRZup
renofact_Z_strong 0.82271,0.80876,0.80314,0.80334,0.74978,0.81606,0.80766,0.79676,0.81272,0.74271,0.74185
CRZdown
renofact_Z_strong 1.2703,1.3054,1.3237,1.3353,1.4359,1.2856,1.3035,1.3269,1.3092,1.443,1.4271
CRWup
renofact_W_strong 0.8227,0.81074,0.79938,0.79865,0.79756,0.81347,0.80916,0.80111,0.79978,0.79759,0.75855
CRWdown
renofact_W_strong 1.2766,1.3053,1.3351,1.3433,1.3587,1.292,1.3073,1.3272,1.3372,1.3416,1.3924
